i_value,j_value,distance,suited,ratio
0,1,1,1,0.41542
0,2,2,1,0.36981
0,3,3,1,0.42712
0,4,4,1,0.44498
0,5,5,1,0.42635
0,6,6,1,0.44822
0,7,7,1,0.42869
0,8,8,1,0.45075
0,9,9,1,0.4761
0,10,10,1,0.47231
0,11,11,1,0.53417
0,12,1,1,0.59976
0,0,0,0,0.57319
0,1,1,0,0.3934
0,2,2,0,0.36648
0,3,3,0,0.38086
0,4,4,0,0.42347
0,5,5,0,0.39569
0,6,6,0,0.4285
0,7,7,0,0.43315
0,8,8,0,0.41317
0,9,9,0,0.45498
0,10,10,0,0.45411
0,11,11,0,0.52863
0,12,1,0,0.59067
1,2,1,1,0.46841
1,3,2,1,0.48703
1,4,3,1,0.49287
1,5,4,1,0.5002
1,6,5,1,0.48695
1,7,6,1,0.52631
1,8,7,1,0.5273
1,9,8,1,0.57398
1,10,9,1,0.59134
1,11,10,1,0.60203
1,12,2,1,0.63595
1,0,1,0,0.65837
1,1,0,0,0.60309
1,2,1,0,0.43244
1,3,2,0,0.3984
1,4,3,0,0.41491
1,5,4,0,0.38425
1,6,5,0,0.42711
1,7,6,0,0.43308
1,8,7,0,0.45025
1,9,8,0,0.49594
1,10,9,0,0.53412
1,11,10,0,0.5527
1,12,2,0,0.60479
2,3,1,1,0.48527
2,4,2,1,0.49955
2,5,3,1,0.46356
2,6,4,1,0.49462
2,7,5,1,0.5196
2,8,6,1,0.5517
2,9,7,1,0.53507
2,10,8,1,0.56976
2,11,9,1,0.59703
2,12,3,1,0.66156
2,0,2,0,0.66745
2,1,1,0,0.39515
2,2,0,0,0.64243
2,3,1,0,0.38221
2,4,2,0,0.39801
2,5,3,0,0.32705
2,6,4,0,0.3997
2,7,5,0,0.42013
2,8,6,0,0.45028
2,9,7,0,0.45313
2,10,8,0,0.4844
2,11,9,0,0.54712
2,12,3,0,0.61653
3,4,1,1,0.52894
3,5,2,1,0.50586
3,6,3,1,0.52765
3,7,4,1,0.5496
3,8,5,1,0.56084
3,9,6,1,0.55248
3,10,7,1,0.58849
3,11,8,1,0.62351
3,12,4,1,0.66062
3,0,3,0,0.66742
3,1,2,0,0.38624
3,2,1,0,0.41893
3,3,0,0,0.63802
3,4,1,0,0.40139
3,5,2,0,0.35976
3,6,3,0,0.41873
3,7,4,0,0.44419
3,8,5,0,0.42148
3,9,6,0,0.44931
3,10,7,0,0.51486
3,11,8,0,0.53506
3,12,4,0,0.5995
4,5,1,1,0.52859
4,6,2,1,0.5128
4,7,3,1,0.50727
4,8,4,1,0.52848
4,9,5,1,0.56375
4,10,6,1,0.61167
4,11,7,1,0.64909
4,12,8,1,0.63257
4,0,4,0,0.63266
4,1,3,0,0.40587
4,2,2,0,0.41857
4,3,1,0,0.41137
4,4,0,0,0.68403
4,5,1,0,0.37229
4,6,2,0,0.43198
4,7,3,0,0.41444
4,8,4,0,0.43161
4,9,5,0,0.45272
4,10,6,0,0.50235
4,11,7,0,0.54978
4,12,8,0,0.58687
5,6,1,1,0.4984
5,7,2,1,0.51467
5,8,3,1,0.54708
5,9,4,1,0.55718
5,10,5,1,0.60808
5,11,6,1,0.62503
5,12,7,1,0.65859
5,0,5,0,0.67007
5,1,4,0,0.40093
5,2,3,0,0.32935
5,3,2,0,0.36614
5,4,1,0,0.39771
5,5,0,0,0.65199
5,6,1,0,0.4002
5,7,2,0,0.41428
5,8,3,0,0.43389
5,9,4,0,0.44429
5,10,5,0,0.53221
5,11,6,0,0.52182
5,12,7,0,0.60727
6,7,1,1,0.55908
6,8,2,1,0.5605
6,9,3,1,0.58817
6,10,4,1,0.59071
6,11,5,1,0.64216
6,12,6,1,0.64377
6,0,6,0,0.65759
6,1,5,0,0.39678
6,2,4,0,0.40429
6,3,3,0,0.37138
6,4,2,0,0.42794
6,5,1,0,0.39831
6,6,0,0,0.66927
6,7,1,0,0.44922
6,8,2,0,0.46446
6,9,3,0,0.52038
6,10,4,0,0.53539
6,11,5,0,0.56366
6,12,6,0,0.60116
7,8,1,1,0.59869
7,9,2,1,0.56174
7,10,3,1,0.62929
7,11,4,1,0.64873
7,12,5,1,0.67066
7,0,7,0,0.63565
7,1,6,0,0.42514
7,2,5,0,0.41774
7,3,4,0,0.39075
7,4,3,0,0.40176
7,5,2,0,0.39894
7,6,1,0,0.46163
7,7,0,0,0.71364
7,8,1,0,0.52316
7,9,2,0,0.47294
7,10,3,0,0.54771
7,11,4,0,0.55037
7,12,5,0,0.62106
8,9,1,1,0.58922
8,10,2,1,0.61345
8,11,3,1,0.67724
8,12,4,1,0.68164
8,0,8,0,0.65084
8,1,7,0,0.44237
8,2,6,0,0.43893
8,3,5,0,0.41896
8,4,4,0,0.42024
8,5,3,0,0.41339
8,6,2,0,0.48014
8,7,1,0,0.50704
8,8,0,0,0.77128
8,9,1,0,0.48406
8,10,2,0,0.55565
8,11,3,0,0.57721
8,12,4,0,0.63836
9,10,1,1,0.606
9,11,2,1,0.6672
9,12,3,1,0.66633
9,0,9,0,0.65676
9,1,8,0,0.48219
9,2,7,0,0.47371
9,3,6,0,0.46798
9,4,5,0,0.47429
9,5,4,0,0.46052
9,6,3,0,0.51083
9,7,2,0,0.48657
9,8,1,0,0.51326
9,9,0,0,0.77443
9,10,1,0,0.54826
9,11,2,0,0.5664
9,12,3,0,0.6321
10,11,1,1,0.66313
10,12,2,1,0.68892
10,0,10,0,0.67065
10,1,9,0,0.49728
10,2,8,0,0.50234
10,3,7,0,0.47183
10,4,6,0,0.47806
10,5,5,0,0.49591
10,6,4,0,0.48241
10,7,3,0,0.51944
10,8,2,0,0.52391
10,9,1,0,0.50436
10,10,0,0,0.78736
10,11,1,0,0.54823
10,12,2,0,0.64347
11,12,1,1,0.69463
11,0,11,0,0.66111
11,1,10,0,0.52988
11,2,9,0,0.56813
11,3,8,0,0.50423
11,4,7,0,0.55858
11,5,6,0,0.52071
11,6,5,0,0.58157
11,7,4,0,0.5559
11,8,3,0,0.602
11,9,2,0,0.59352
11,10,1,0,0.58966
11,11,0,0,0.8461
11,12,1,0,0.66623
12,0,1,0,0.63121
12,1,2,0,0.5773
12,2,3,0,0.60303
12,3,4,0,0.56017
12,4,8,0,0.56267
12,5,7,0,0.58093
12,6,6,0,0.58224
12,7,5,0,0.57488
12,8,4,0,0.60362
12,9,3,0,0.61304
12,10,2,0,0.61198
12,11,1,0,0.62325
12,12,0,0,0.87674
0,1,1,1,0.65563
0,2,2,1,0.68033
0,3,3,1,0.64533
0,4,4,1,0.63569
0,5,5,1,0.65408
0,6,6,1,0.68201
0,7,7,1,0.61148
0,8,8,1,0.66579
0,9,9,1,0.68353
0,10,10,1,0.67796
0,11,11,1,0.67199
0,12,1,1,0.67571
1,2,1,1,0.43346
1,3,2,1,0.40114
1,4,3,1,0.39172
1,5,4,1,0.40807
1,6,5,1,0.41337
1,7,6,1,0.42949
1,8,7,1,0.47586
1,9,8,1,0.47167
1,10,9,1,0.53853
1,11,10,1,0.5385
1,12,2,1,0.60847
2,3,1,1,0.4282
2,4,2,1,0.4459
2,5,3,1,0.35059
2,6,4,1,0.44759
2,7,5,1,0.45283
2,8,6,1,0.48633
2,9,7,1,0.49774
2,10,8,1,0.5615
2,11,9,1,0.58251
2,12,3,1,0.65352
3,4,1,1,0.39113
3,5,2,1,0.35522
3,6,3,1,0.40729
3,7,4,1,0.40921
3,8,5,1,0.43073
3,9,6,1,0.45907
3,10,7,1,0.53015
3,11,8,1,0.50751
3,12,4,1,0.59212
4,5,1,1,0.38882
4,6,2,1,0.44985
4,7,3,1,0.43077
4,8,4,1,0.46139
4,9,5,1,0.47386
4,10,6,1,0.51913
4,11,7,1,0.53853
4,12,8,1,0.60797
5,6,1,1,0.41822
5,7,2,1,0.42122
5,8,3,1,0.45663
5,9,4,1,0.46736
5,10,5,1,0.54072
5,11,6,1,0.53004
5,12,7,1,0.64218
6,7,1,1,0.47578
6,8,2,1,0.50736
6,9,3,1,0.54013
6,10,4,1,0.55738
6,11,5,1,0.56066
6,12,6,1,0.62535
7,8,1,1,0.52862
7,9,2,1,0.48917
7,10,3,1,0.55363
7,11,4,1,0.54362
7,12,5,1,0.61504
8,9,1,1,0.52754
8,10,2,1,0.59144
8,11,3,1,0.58148
8,12,4,1,0.64713
9,10,1,1,0.56861
9,11,2,1,0.57864
9,12,3,1,0.65998
10,11,1,1,0.60086
10,12,2,1,0.67665
11,12,1,1,0.65596
